list(mu.c1=2.24450E+01, mu.c2=2.04440E+01, mu.e1=7.08141E+01, mu.e2=8.70792E+01, beta.c1=1.34088E-03, beta.c2=-4.90686E-03, shape.c1=9.31908E-01, shape.c2=1.00080E+00, shape.e1=8.38547E-01, shape.e2=7.42496E-01)
