list(mu.c1=2.21777E+01, mu.c2=2.05498E+01, mu.e1=7.26140E+01, mu.e2=7.00081E+01, beta.c1=-7.76254E-03, beta.c2=6.44588E-04, shape.c1=1.13254E+00, shape.c2=8.18308E-01, shape.e1=7.28046E-01, shape.e2=6.32593E-01)
