list(mu.c1=1.89647E+01, mu.c2=2.63871E+01, mu.e1=8.04222E+01, mu.e2=6.32715E+01, beta.c1=4.29125E-03, beta.c2=5.06056E-03, shape.c1=9.13093E-01, shape.c2=1.16937E+00, shape.e1=6.46158E-01, shape.e2=9.18648E-01)
