list(r= structure(.Data= c(79, 77, NA, 18, 21, NA, 8, 19, NA, 75, 363, NA, 2, 9, NA, 58, 237, NA, 0, 9, NA, 3, 31, NA, 1, 26, NA, 6, 17, NA, 64, 107, NA, 5, 8, NA, 20, 34, NA, 95, 143, NA, 15, 36, NA, 78, 73, NA, 69, 54, NA, 9, 23, 10, 0, 9, NA, 20, 16, NA, 11, 12, 29, 7, 32, NA, 12, 20, NA, 9, 3, NA), .Dim=c(24, 3)), n= structure(.Data= c(702, 694, NA, 671, 535, NA, 116, 149, NA, 731, 714, NA, 106, 205, NA, 549, 1561, NA, 33, 48, NA, 100, 98, NA, 31, 95, NA, 39, 77, NA, 642, 761, NA, 62, 90, NA, 234, 237, NA, 1107, 1031, NA, 187, 504, NA, 584, 675, NA, 1177, 888, NA, 140, 140, 138, 20, 20, NA, 49, 43, NA, 78, 85, 170, 66, 127, NA, 76, 74, NA, 55, 26, NA), .Dim=c(24, 3)), t= structure(.Data= c(1, 2, NA, 1, 2, NA, 1, 2, NA, 1, 3, NA, 1, 3, NA, 1, 3, NA, 1, 3, NA, 1, 3, NA, 1, 3, NA, 1, 3, NA, 1, 3, NA, 1, 3, NA, 1, 3, NA, 1, 3, NA, 1, 3, NA, 1, 3, NA, 1, 3, NA, 1, 3, 4, 1, 4, NA, 2, 3, NA, 2, 3, 4, 2, 4, NA, 3, 4, NA, 3, 4, NA), .Dim=c(24, 3)), na=c(2, 2, 2, 2, 2, 2, 2, 2, 2, 2, 2, 2, 2, 2, 2, 2, 2, 3, 2, 2, 3, 2, 2, 2), ns=24, nt=4)
